1 100
100 2500
1 14
1 34
1 76
1 42
1 25
1 46
1 9
1 9
1 70
1 22
1 11
1 79
1 48
1 29
1 45
1 59
1 89
1 86
1 51
1 35
1 68
1 90
1 8
1 87
1 82
2 73
2 24
2 100
2 36
2 46
2 63
2 5
2 90
2 4
2 41
2 38
2 38
2 70
2 32
2 44
2 43
2 97
2 56
2 94
2 65
2 42
2 71
2 27
2 53
2 89
3 7
3 100
3 40
3 40
3 51
3 62
3 57
3 57
3 16
3 50
3 82
3 78
3 11
3 14
3 37
3 41
3 87
3 25
3 35
3 35
3 64
3 86
3 52
3 89
3 27
4 27
4 27
4 27
4 41
4 50
4 5
4 71
4 45
4 20
4 19
4 84
4 64
4 68
4 94
4 8
4 87
4 75
4 75
4 96
4 96
4 11
4 54
4 48
4 63
4 65
5 35
5 35
5 35
5 71
5 36
5 76
5 90
5 69
5 50
5 48
5 39
5 23
5 23
5 43
5 33
5 89
5 92
5 24
5 24
5 75
5 78
5 8
5 32
5 51
5 1
6 17
6 82
6 83
6 83
6 83
6 36
6 24
6 39
6 98
6 98
6 15
6 21
6 21
6 37
6 37
6 63
6 9
6 56
6 61
6 49
6 64
6 5
6 48
6 96
6 47
7 49
7 49
7 49
7 24
7 92
7 25
7 62
7 36
7 33
7 32
7 10
7 38
7 18
7 55
7 37
7 88
7 75
7 54
7 71
7 98
7 3
7 53
7 47
7 69
7 67
8 3
8 67
8 96
8 48
8 92
8 73
8 43
8 43
8 52
8 37
8 28
8 59
8 84
8 7
8 78
8 78
8 9
8 74
8 11
8 44
8 81
8 87
8 75
8 27
8 77
9 88
9 88
9 88
9 19
9 19
9 19
9 4
9 61
9 63
9 56
9 56
9 23
9 68
9 68
9 98
9 18
9 2
9 62
9 93
9 81
9 22
9 51
9 27
9 30
9 8
10 42
10 16
10 31
10 29
10 7
10 81
10 33
10 33
10 91
10 49
10 78
10 44
10 84
10 47
10 56
10 97
10 92
10 45
10 51
10 40
10 67
10 8
10 22
10 69
10 70
11 78
11 52
11 39
11 43
11 15
11 44
11 51
11 20
11 40
11 29
11 81
11 92
11 42
11 25
11 22
11 75
11 86
11 86
11 37
11 47
11 38
11 89
11 4
11 73
11 35
12 60
12 75
12 35
12 20
12 22
12 25
12 52
12 52
12 1
12 27
12 5
12 88
12 30
12 13
12 61
12 93
12 67
12 45
12 45
12 23
12 57
12 63
12 65
12 10
12 70
13 82
13 98
13 98
13 45
13 84
13 36
13 72
13 81
13 78
13 44
13 8
13 8
13 26
13 26
13 95
13 10
13 97
13 97
13 50
13 28
13 2
13 100
13 71
13 47
13 33
14 70
14 4
14 52
14 87
14 50
14 50
14 75
14 18
14 54
14 36
14 29
14 62
14 16
14 33
14 13
14 92
14 39
14 39
14 39
14 100
14 35
14 3
14 96
14 81
14 79
15 1
15 38
15 80
15 77
15 40
15 40
15 62
15 21
15 30
15 61
15 96
15 73
15 78
15 22
15 52
15 16
15 51
15 9
15 34
15 66
15 92
15 65
15 71
15 69
15 7
16 69
16 22
16 55
16 64
16 91
16 24
16 42
16 48
16 57
16 78
16 72
16 31
16 51
16 77
16 92
16 92
16 14
16 36
16 36
16 71
16 95
16 11
16 26
16 23
16 65
17 71
17 61
17 5
17 47
17 45
17 32
17 78
17 89
17 50
17 74
17 100
17 75
17 86
17 83
17 83
17 70
17 99
17 33
17 90
17 39
17 46
17 23
17 23
17 10
17 10
18 84
18 48
18 48
18 23
18 52
18 52
18 36
18 68
18 80
18 17
18 87
18 20
18 42
18 22
18 22
18 22
18 95
18 96
18 75
18 72
18 4
18 61
18 86
18 10
18 69
19 61
19 56
19 72
19 22
19 22
19 82
19 65
19 96
19 33
19 14
19 47
19 41
19 75
19 90
19 88
19 35
19 34
19 34
19 68
19 13
19 29
19 45
19 91
19 16
19 30
20 9
20 82
20 82
20 89
20 89
20 89
20 46
20 78
20 57
20 37
20 26
20 97
20 41
20 52
20 52
20 34
20 44
20 91
20 5
20 94
20 15
20 96
20 65
20 23
20 92
21 31
21 52
21 35
21 95
21 69
21 69
21 4
21 15
21 34
21 34
21 61
21 83
21 46
21 65
21 79
21 88
21 88
21 24
21 50
21 72
21 6
21 8
21 13
21 82
21 99
22 75
22 75
22 70
22 70
22 95
22 1
22 9
22 30
22 30
22 11
22 4
22 66
22 17
22 6
22 37
22 93
22 98
22 53
22 39
22 85
22 96
22 28
22 63
22 12
22 38
23 45
23 57
23 32
23 7
23 86
23 1
23 96
23 82
23 82
23 50
23 68
23 80
23 31
23 10
23 89
23 29
23 61
23 61
23 75
23 15
23 73
23 46
23 49
23 55
23 5
24 58
24 3
24 3
24 34
24 10
24 4
24 96
24 96
24 75
24 53
24 27
24 78
24 13
24 29
24 48
24 45
24 2
24 38
24 99
24 30
24 93
24 93
24 63
24 17
24 81
25 44
25 54
25 54
25 94
25 68
25 89
25 21
25 48
25 64
25 35
25 12
25 55
25 86
25 65
25 87
25 70
25 80
25 11
25 6
25 88
25 3
25 26
25 91
25 76
25 16
26 80
26 100
26 25
26 25
26 65
26 65
26 55
26 55
26 45
26 45
26 48
26 96
26 9
26 57
26 31
26 76
26 50
26 60
26 75
26 24
26 89
26 71
26 69
26 56
26 19
27 23
27 96
27 49
27 20
27 72
27 72
27 32
27 88
27 42
27 42
27 35
27 45
27 45
27 80
27 28
27 10
27 54
27 53
27 34
27 34
27 62
27 55
27 44
27 87
27 69
28 97
28 85
28 59
28 13
28 13
28 82
28 12
28 63
28 24
28 52
28 52
28 10
28 4
28 16
28 50
28 66
28 66
28 23
28 91
28 17
28 96
28 29
28 15
28 2
28 84
29 90
29 35
29 23
29 23
29 56
29 56
29 62
29 62
29 3
29 26
29 57
29 46
29 89
29 84
29 15
29 81
29 59
29 11
29 100
29 40
29 77
29 64
29 73
29 73
29 94
30 52
30 86
30 68
30 68
30 20
30 26
30 26
30 46
30 74
30 27
30 81
30 12
30 45
30 8
30 71
30 89
30 63
30 32
30 18
30 3
30 75
30 75
30 88
30 96
30 80
31 80
31 36
31 53
31 33
31 49
31 49
31 71
31 92
31 95
31 16
31 43
31 22
31 58
31 45
31 14
31 72
31 65
31 67
31 15
31 54
31 47
31 37
31 42
31 2
31 30
32 85
32 72
32 39
32 91
32 75
32 80
32 80
32 21
32 21
32 47
32 47
32 1
32 27
32 27
32 84
32 9
32 30
32 86
32 88
32 88
32 98
32 53
32 76
32 11
32 69
33 50
33 92
33 44
33 100
33 9
33 9
33 51
33 70
33 40
33 56
33 29
33 18
33 13
33 97
33 49
33 53
33 81
33 57
33 11
33 65
33 95
33 5
33 62
33 64
33 39
34 46
34 39
34 7
34 8
34 47
34 47
34 66
34 88
34 38
34 73
34 73
34 2
34 78
34 10
34 10
34 94
34 94
34 95
34 12
34 33
34 71
34 74
34 80
34 86
34 85
35 75
35 52
35 47
35 53
35 2
35 2
35 13
35 13
35 49
35 46
35 51
35 4
35 72
35 72
35 96
35 87
35 21
35 22
35 60
35 41
35 65
35 24
35 64
35 67
35 20
36 79
36 61
36 61
36 12
36 94
36 50
36 82
36 82
36 73
36 69
36 93
36 93
36 46
36 46
36 80
36 9
36 56
36 38
36 77
36 40
36 89
36 34
36 17
36 19
36 14
37 33
37 33
37 72
37 11
37 87
37 87
37 43
37 57
37 98
37 98
37 70
37 50
37 65
37 32
37 29
37 10
37 8
37 40
37 49
37 100
37 94
37 81
37 80
37 92
37 22
38 93
38 93
38 84
38 84
38 55
38 55
38 58
38 37
38 51
38 97
38 53
38 78
38 1
38 2
38 50
38 17
38 17
38 30
38 30
38 69
38 59
38 44
38 26
38 9
38 34
39 15
39 31
39 68
39 68
39 37
39 38
39 94
39 94
39 5
39 85
39 58
39 30
39 3
39 60
39 73
39 73
39 66
39 13
39 12
39 81
39 56
39 95
39 7
39 44
39 100
40 39
40 13
40 74
40 47
40 80
40 51
40 51
40 51
40 42
40 1
40 89
40 65
40 61
40 61
40 83
40 97
40 97
40 70
40 23
40 69
40 96
40 21
40 24
40 81
40 14
41 65
41 68
41 20
41 26
41 31
41 52
41 96
41 18
41 24
41 24
41 23
41 9
41 22
41 72
41 73
41 82
41 87
41 42
41 78
41 27
41 97
41 98
41 1
41 93
41 11
42 36
42 82
42 35
42 86
42 17
42 69
42 69
42 100
42 37
42 68
42 63
42 91
42 91
42 71
42 1
42 7
42 25
42 50
42 53
42 85
42 59
42 81
42 5
42 10
42 73
43 5
43 2
43 81
43 42
43 42
43 28
43 28
43 28
43 85
43 93
43 100
43 74
43 84
43 52
43 86
43 65
43 65
43 50
43 23
43 49
43 59
43 99
43 18
43 3
43 95
44 35
44 24
44 27
44 36
44 95
44 91
44 91
44 89
44 72
44 4
44 79
44 2
44 8
44 13
44 81
44 81
44 40
44 40
44 40
44 86
44 37
44 59
44 59
44 64
44 11
45 35
45 58
45 32
45 32
45 94
45 78
45 54
45 96
45 60
45 63
45 95
45 2
45 64
45 25
45 25
45 100
45 9
45 12
45 74
45 11
45 21
45 44
45 69
45 23
45 51
46 92
46 96
46 54
46 38
46 38
46 17
46 30
46 51
46 75
46 37
46 40
46 2
46 90
46 22
46 99
46 73
46 89
46 14
46 3
46 76
46 11
46 82
46 24
46 80
46 26
47 97
47 54
47 54
47 32
47 39
47 39
47 65
47 10
47 41
47 41
47 60
47 33
47 8
47 13
47 13
47 44
47 45
47 45
47 46
47 3
47 53
47 25
47 20
47 75
47 57
48 28
48 28
48 100
48 100
48 20
48 38
48 38
48 47
48 93
48 93
48 2
48 10
48 94
48 40
48 92
48 30
48 29
48 72
48 81
48 34
48 24
48 4
48 13
48 18
48 39
49 100
49 10
49 76
49 85
49 36
49 81
49 15
49 52
49 93
49 30
49 6
49 50
49 59
49 64
49 64
49 23
49 31
49 86
49 28
49 14
49 32
49 19
49 1
49 97
49 95
50 100
50 97
50 87
50 65
50 83
50 7
50 62
50 62
50 90
50 24
50 25
50 22
50 12
50 68
50 76
50 43
50 53
50 26
50 58
50 63
50 51
50 60
50 23
50 86
50 3
51 73
51 23
51 23
51 80
51 25
51 87
51 54
51 89
51 38
51 98
51 3
51 36
51 47
51 47
51 61
51 28
51 37
51 57
51 57
51 57
51 59
51 79
51 30
51 82
51 42
52 29
52 46
52 57
52 14
52 14
52 25
52 35
52 44
52 53
52 86
52 81
52 27
52 80
52 2
52 10
52 10
52 65
52 41
52 23
52 23
52 17
52 48
52 97
52 33
52 11
53 57
53 82
53 85
53 85
53 54
53 50
53 63
53 7
53 7
53 95
53 16
53 16
53 31
53 98
53 5
53 5
53 11
53 83
53 39
53 43
53 1
53 56
53 20
53 18
53 100
54 74
54 38
54 89
54 89
54 49
54 49
54 97
54 40
54 40
54 55
54 10
54 5
54 98
54 57
54 77
54 32
54 26
54 26
54 69
54 69
54 28
54 8
54 39
54 64
54 16
55 27
55 28
55 28
55 74
55 25
55 25
55 67
55 85
55 80
55 33
55 49
55 70
55 89
55 21
55 35
55 6
55 100
55 100
55 97
55 34
55 52
55 36
55 73
55 62
55 40
56 32
56 21
56 73
56 22
56 9
56 9
56 98
56 59
56 75
56 37
56 42
56 12
56 3
56 5
56 5
56 89
56 81
56 77
56 43
56 51
56 58
56 91
56 24
56 84
56 1
57 97
57 47
57 71
57 21
57 84
57 37
57 29
57 59
57 44
57 11
57 11
57 6
57 52
57 52
57 7
57 15
57 28
57 40
57 10
57 100
57 14
57 77
57 45
57 26
57 75
58 63
58 62
58 62
58 51
58 76
58 76
58 6
58 54
58 85
58 95
58 99
58 49
58 89
58 13
58 19
58 39
58 7
58 45
58 78
58 100
58 94
58 26
58 65
58 43
58 64
59 91
59 91
59 28
59 28
59 38
59 43
59 84
59 96
59 31
59 22
59 61
59 5
59 10
59 18
59 12
59 69
59 9
59 47
59 47
59 34
59 24
59 15
59 32
59 58
59 82
60 94
60 88
60 79
60 79
60 1
60 19
60 13
60 59
60 59
60 26
60 26
60 69
60 39
60 39
60 61
60 12
60 96
60 48
60 16
60 78
60 63
60 51
60 83
60 97
60 92
61 39
61 31
61 31
61 31
61 89
61 89
61 99
61 10
61 16
61 40
61 58
61 58
61 62
61 56
61 60
61 98
61 79
61 76
61 22
61 41
61 82
61 69
61 27
61 28
61 3
62 17
62 17
62 86
62 94
62 47
62 97
62 97
62 43
62 15
62 99
62 2
62 87
62 36
62 89
62 72
62 69
62 96
62 4
62 60
62 24
62 33
62 14
62 59
62 27
62 38
63 3
63 48
63 69
63 40
63 23
63 26
63 19
63 62
63 62
63 30
63 59
63 22
63 51
63 96
63 96
63 88
63 88
63 86
63 86
63 27
63 61
63 78
63 58
63 82
63 46
64 9
64 42
64 42
64 66
64 93
64 93
64 53
64 53
64 33
64 23
64 81
64 41
64 75
64 49
64 54
64 77
64 45
64 60
64 100
64 57
64 76
64 74
64 2
64 98
64 35
65 24
65 3
65 72
65 30
65 38
65 8
65 68
65 45
65 1
65 21
65 89
65 73
65 73
65 73
65 47
65 11
65 74
65 17
65 94
65 55
65 82
65 28
65 51
65 41
65 96
66 17
66 21
66 21
66 2
66 40
66 86
66 1
66 49
66 45
66 65
66 65
66 42
66 13
66 13
66 22
66 37
66 4
66 18
66 33
66 98
66 70
66 62
66 78
66 91
66 96
67 55
67 83
67 83
67 60
67 24
67 10
67 51
67 51
67 3
67 50
67 57
67 57
67 76
67 2
67 48
67 89
67 85
67 97
67 59
67 59
67 65
67 52
67 38
67 100
67 25
68 58
68 57
68 13
68 91
68 34
68 47
68 47
68 47
68 45
68 24
68 24
68 35
68 74
68 72
68 6
68 61
68 28
68 28
68 79
68 51
68 94
68 22
68 4
68 30
68 50
69 90
69 90
69 38
69 97
69 92
69 56
69 91
69 80
69 80
69 70
69 17
69 23
69 23
69 46
69 31
69 31
69 31
69 51
69 21
69 93
69 24
69 73
69 47
69 43
69 86
70 28
70 19
70 7
70 94
70 89
70 36
70 13
70 88
70 33
70 66
70 66
70 67
70 67
70 57
70 3
70 76
70 5
70 68
70 24
70 24
70 22
70 100
70 15
70 64
70 43
71 48
71 99
71 47
71 34
71 32
71 32
71 39
71 89
71 31
71 98
71 98
71 98
71 96
71 84
71 27
71 25
71 54
71 4
71 56
71 85
71 50
71 79
71 83
71 73
71 52
72 4
72 77
72 66
72 9
72 42
72 7
72 76
72 76
72 50
72 14
72 14
72 82
72 34
72 20
72 21
72 25
72 31
72 74
72 15
72 27
72 86
72 18
72 83
72 93
72 85
73 13
73 7
73 7
73 28
73 32
73 100
73 6
73 97
73 50
73 98
73 91
73 24
73 65
73 22
73 18
73 30
73 2
73 72
73 16
73 46
73 86
73 96
73 25
73 15
73 52
74 80
74 48
74 95
74 45
74 50
74 69
74 96
74 62
74 17
74 11
74 40
74 71
74 28
74 31
74 51
74 21
74 43
74 34
74 24
74 89
74 93
74 12
74 92
74 29
74 84
75 13
75 45
75 45
75 45
75 37
75 70
75 70
75 79
75 27
75 10
75 15
75 36
75 29
75 40
75 94
75 83
75 48
75 52
75 82
75 81
75 86
75 98
75 20
75 43
75 60
76 21
76 21
76 99
76 99
76 79
76 10
76 85
76 49
76 64
76 11
76 20
76 83
76 75
76 51
76 96
76 80
76 33
76 9
76 95
76 46
76 61
76 60
76 22
76 62
76 56
77 10
77 55
77 31
77 48
77 54
77 40
77 38
77 50
77 61
77 96
77 53
77 16
77 89
77 89
77 39
77 99
77 92
77 23
77 88
77 2
77 60
77 45
77 97
77 71
77 56
78 64
78 64
78 3
78 81
78 5
78 60
78 89
78 74
78 97
78 97
78 58
78 59
78 55
78 55
78 50
78 18
78 57
78 22
78 2
78 38
78 65
78 17
78 21
78 67
78 33
79 29
79 68
79 100
79 9
79 9
79 13
79 51
79 46
79 11
79 11
79 59
79 74
79 52
79 10
79 92
79 89
79 36
79 38
79 38
79 90
79 16
79 56
79 7
79 17
79 21
80 73
80 17
80 47
80 47
80 39
80 31
80 31
80 18
80 88
80 1
80 51
80 68
80 15
80 96
80 96
80 43
80 69
80 52
80 100
80 95
80 90
80 99
80 93
80 21
80 20
81 35
81 88
81 88
81 57
81 3
81 78
81 78
81 77
81 67
81 67
81 89
81 7
81 76
81 10
81 10
81 70
81 41
81 23
81 17
81 17
81 61
81 84
81 74
81 21
81 50
82 92
82 44
82 44
82 73
82 70
82 32
82 32
82 27
82 27
82 16
82 68
82 54
82 98
82 6
82 95
82 71
82 64
82 8
82 59
82 100
82 50
82 3
82 56
82 21
82 34
83 29
83 29
83 4
83 71
83 45
83 67
83 86
83 86
83 65
83 24
83 21
83 18
83 48
83 66
83 44
83 96
83 8
83 31
83 25
83 7
83 57
83 97
83 77
83 95
83 36
84 85
84 85
84 94
84 17
84 17
84 73
84 50
84 7
84 7
84 80
84 80
84 92
84 51
84 23
84 19
84 99
84 32
84 21
84 21
84 21
84 10
84 79
84 33
84 69
84 8
85 65
85 65
85 75
85 75
85 98
85 13
85 26
85 50
85 50
85 95
85 48
85 63
85 4
85 61
85 12
85 22
85 15
85 62
85 83
85 28
85 55
85 57
85 7
85 38
85 93
86 79
86 79
86 24
86 46
86 67
86 84
86 40
86 81
86 66
86 25
86 64
86 26
86 70
86 41
86 49
86 83
86 20
86 73
86 39
86 100
86 96
86 14
86 56
86 2
86 12
87 88
87 83
87 70
87 67
87 71
87 80
87 2
87 77
87 73
87 31
87 60
87 53
87 26
87 26
87 38
87 98
87 42
87 79
87 22
87 59
87 46
87 37
87 52
87 27
87 18
88 51
88 63
88 22
88 86
88 72
88 72
88 49
88 49
88 97
88 81
88 90
88 50
88 85
88 64
88 64
88 76
88 75
88 19
88 71
88 71
88 84
88 79
88 89
88 68
88 2
89 6
89 6
89 45
89 1
89 1
89 1
89 98
89 33
89 100
89 17
89 2
89 40
89 40
89 4
89 73
89 86
89 43
89 92
89 22
89 20
89 46
89 65
89 52
89 83
89 49
90 79
90 79
90 58
90 96
90 7
90 7
90 38
90 78
90 17
90 25
90 15
90 65
90 71
90 71
90 76
90 61
90 2
90 95
90 75
90 1
90 3
90 5
90 39
90 11
90 34
91 42
91 27
91 11
91 94
91 90
91 48
91 69
91 81
91 61
91 61
91 89
91 22
91 50
91 20
91 20
91 17
91 2
91 36
91 88
91 25
91 96
91 33
91 23
91 6
91 92
92 28
92 28
92 99
92 84
92 21
92 98
92 98
92 89
92 29
92 53
92 76
92 18
92 26
92 85
92 35
92 47
92 94
92 50
92 36
92 36
92 1
92 34
92 44
92 13
92 48
93 18
93 18
93 2
93 100
93 33
93 1
93 91
93 40
93 47
93 47
93 47
93 45
93 89
93 46
93 16
93 49
93 22
93 11
93 84
93 52
93 96
93 8
93 34
93 54
93 44
94 84
94 56
94 86
94 97
94 25
94 5
94 20
94 30
94 37
94 92
94 71
94 63
94 26
94 26
94 2
94 46
94 12
94 93
94 28
94 41
94 3
94 52
94 9
94 14
94 76
95 89
95 89
95 44
95 99
95 8
95 30
95 60
95 49
95 13
95 92
95 36
95 48
95 53
95 75
95 73
95 97
95 97
95 7
95 7
95 23
95 68
95 46
95 45
95 72
95 67
96 25
96 63
96 81
96 50
96 95
96 82
96 17
96 62
96 62
96 24
96 24
96 66
96 48
96 43
96 2
96 4
96 93
96 26
96 6
96 44
96 29
96 10
96 30
96 86
96 41
97 6
97 39
97 90
97 11
97 11
97 10
97 80
97 35
97 71
97 19
97 85
97 52
97 98
97 42
97 99
97 95
97 33
97 33
97 55
97 46
97 27
97 89
97 24
97 8
97 76
98 81
98 81
98 81
98 57
98 57
98 1
98 1
98 26
98 24
98 32
98 83
98 5
98 5
98 66
98 66
98 22
98 6
98 3
98 65
98 37
98 84
98 80
98 52
98 48
98 4
99 53
99 96
99 27
99 12
99 64
99 22
99 22
99 46
99 48
99 84
99 4
99 4
99 52
99 49
99 9
99 6
99 18
99 3
99 33
99 42
99 76
99 89
99 30
99 56
99 31
100 35
100 95
100 40
100 40
100 16
100 69
100 24
100 24
100 74
100 86
100 55
100 5
100 68
100 90
100 64
100 56
100 56
100 73
100 25
100 25
100 54
100 63
100 43
100 84
100 89